=== APRIL 15TH SOLAR ENERGY PRODUCTION AVERAGES - ALL HOURS ===
UTC Time | G(i) Avg | H_sun Avg | T2m Avg | WS10m Avg | Int Avg | Count
--------------------------------------------------------------------------------
   00   |     0,00 |     0,00 |  10,78 |     1,57 |   0,00 |    19
   01   |     0,00 |     0,00 |  10,35 |     1,56 |   0,00 |    19
   02   |     0,00 |     0,00 |  10,00 |     1,55 |   0,00 |    19
   03   |     0,00 |     0,00 |   9,71 |     1,61 |   0,00 |    19
   04   |    13,18 |     5,73 |   9,52 |     1,62 |   0,00 |    19
   05   |    72,23 |    17,44 |  10,81 |     1,41 |   0,00 |    19
   06   |   199,16 |    29,11 |  13,76 |     1,58 |   0,00 |    19
   07   |   338,11 |    40,33 |  15,85 |     2,00 |   0,00 |    19
   08   |   447,71 |    50,45 |  17,27 |     2,34 |   0,00 |    19
   09   |   482,16 |    58,17 |  18,40 |     2,71 |   0,00 |    19
   10   |   487,92 |    61,33 |  19,20 |     2,94 |   0,00 |    19
   11   |   450,12 |    58,50 |  19,75 |     3,10 |   0,00 |    19
   12   |   380,60 |    50,98 |  19,94 |     3,26 |   0,00 |    19
   13   |   320,19 |    40,96 |  19,77 |     3,25 |   0,00 |    19
   14   |   193,09 |    29,77 |  19,32 |     2,98 |   0,00 |    19
   15   |    79,69 |    18,12 |  18,55 |     2,51 |   0,00 |    19
   16   |    15,60 |     6,40 |  17,38 |     2,08 |   0,00 |    19
   17   |     0,00 |     0,00 |  15,84 |     1,80 |   0,00 |    19
   18   |     0,00 |     0,00 |  14,67 |     1,58 |   0,00 |    19
   19   |     0,00 |     0,00 |  13,84 |     1,56 |   0,00 |    19
   20   |     0,00 |     0,00 |  13,00 |     1,46 |   0,00 |    19
   21   |     0,00 |     0,00 |  12,12 |     1,51 |   0,00 |    19
   22   |     0,00 |     0,00 |  11,39 |     1,51 |   0,00 |    19
   23   |     0,00 |     0,00 |  10,74 |     1,53 |   0,00 |    19

=== SUMMARY ===
Total April 15th days analyzed: 456
Years covered: 2005, 2006, 2007, 2008, 2009, 2010, 2011, 2012, 2013, 2014, 2015, 2016, 2017, 2018, 2019, 2020, 2021, 2022, 2023

=== TOP 5 PEAK PRODUCTION HOURS ===
UTC 23:00 - G(i):   0,00 W/m²
UTC 02:00 - G(i):   0,00 W/m²
UTC 03:00 - G(i):   0,00 W/m²
UTC 04:00 - G(i):  13,18 W/m²
UTC 05:00 - G(i):  72,23 W/m²

=== TOP 5 MINIMUM PRODUCTION HOURS ===
UTC 23:00 - G(i):   0,00 W/m²
UTC 02:00 - G(i):   0,00 W/m²
UTC 03:00 - G(i):   0,00 W/m²
UTC 04:00 - G(i):  13,18 W/m²
UTC 05:00 - G(i):  72,23 W/m²
