=== APRIL 15TH SOLAR ENERGY PRODUCTION AVERAGES ===
UTC Time | G(i) Avg | H_sun Avg | T2m Avg | WS10m Avg | Int Avg | Count
--------------------------------------------------------------------------------
   03   |     0,00 |     0,00 |   9,71 |     1,61 |   0,00 |    19
   06   |   199,16 |    29,11 |  13,76 |     1,58 |   0,00 |    19
   09   |   482,16 |    58,17 |  18,40 |     2,71 |   0,00 |    19
   12   |   380,60 |    50,98 |  19,94 |     3,26 |   0,00 |    19
   15   |    79,69 |    18,12 |  18,55 |     2,51 |   0,00 |    19

=== SUMMARY ===
Total April 15th days analyzed: 456
Years covered: 2005, 2006, 2007, 2008, 2009, 2010, 2011, 2012, 2013, 2014, 2015, 2016, 2017, 2018, 2019, 2020, 2021, 2022, 2023
