=== ALL APRIL DAYS SOLAR ENERGY PRODUCTION AVERAGES - ALL HOURS ===

--- APRIL 01 ---
UTC Time | G(i) Avg | H_sun Avg | T2m Avg | WS10m Avg | Int Avg | Count
--------------------------------------------------------------------------------
   00   |     0,00 |     0,00 |   8,67 |     1,57 |   0,00 |    19
   01   |     0,00 |     0,00 |   8,23 |     1,57 |   0,00 |    19
   02   |     0,00 |     0,00 |   7,99 |     1,60 |   0,00 |    19
   03   |     0,00 |     0,00 |   7,80 |     1,62 |   0,00 |    19
   04   |     1,13 |     1,60 |   7,65 |     1,68 |   0,00 |    19
   05   |    70,80 |    13,43 |   8,23 |     1,68 |   0,00 |    19
   06   |   191,66 |    24,99 |  10,59 |     1,87 |   0,00 |    19
   07   |   342,19 |    35,96 |  12,87 |     2,27 |   0,00 |    19
   08   |   475,41 |    45,67 |  14,50 |     2,74 |   0,00 |    19
   09   |   524,98 |    52,95 |  15,87 |     3,03 |   0,00 |    19
   10   |   585,75 |    56,08 |  16,90 |     3,34 |   0,00 |    19
   11   |   543,84 |    53,94 |  17,44 |     3,56 |   0,00 |    19
   12   |   450,03 |    47,32 |  17,55 |     3,70 |   0,00 |    19
   13   |   367,76 |    37,97 |  17,39 |     3,71 |   0,00 |    19
   14   |   256,68 |    27,18 |  16,87 |     3,51 |   0,00 |    19
   15   |   117,32 |    15,69 |  16,02 |     3,13 |   0,00 |    19
   16   |    10,13 |     3,97 |  14,86 |     2,63 |   0,00 |    19
   17   |     0,00 |     0,00 |  13,43 |     2,32 |   0,00 |    19
   18   |     0,00 |     0,00 |  12,42 |     2,07 |   0,00 |    19
   19   |     0,00 |     0,00 |  11,87 |     2,01 |   0,00 |    19
   20   |     0,00 |     0,00 |  11,21 |     1,93 |   0,00 |    19
   21   |     0,00 |     0,00 |  10,65 |     1,81 |   0,00 |    19
   22   |     0,00 |     0,00 |  10,04 |     1,68 |   0,00 |    19
   23   |     0,00 |     0,00 |   9,45 |     1,63 |   0,00 |    19
Peak production: UTC 23:00 - G(i):   0,00 W/m²

--- APRIL 02 ---
UTC Time | G(i) Avg | H_sun Avg | T2m Avg | WS10m Avg | Int Avg | Count
--------------------------------------------------------------------------------
   00   |     0,00 |     0,00 |   9,05 |     1,56 |   0,00 |    19
   01   |     0,00 |     0,00 |   8,70 |     1,51 |   0,00 |    19
   02   |     0,00 |     0,00 |   8,34 |     1,51 |   0,00 |    19
   03   |     0,00 |     0,00 |   8,15 |     1,52 |   0,00 |    19
   04   |     1,61 |     1,89 |   7,91 |     1,53 |   0,00 |    19
   05   |    68,59 |    13,73 |   8,40 |     1,43 |   0,00 |    19
   06   |   197,38 |    25,30 |  10,62 |     1,47 |   0,00 |    19
   07   |   338,22 |    36,29 |  13,03 |     1,77 |   0,00 |    19
   08   |   454,66 |    46,03 |  14,57 |     2,09 |   0,00 |    19
   09   |   543,59 |    53,33 |  15,80 |     2,24 |   0,00 |    19
   10   |   530,72 |    56,47 |  16,72 |     2,49 |   0,00 |    19
   11   |   493,91 |    54,28 |  17,36 |     2,73 |   0,00 |    19
   12   |   427,09 |    47,60 |  17,64 |     2,95 |   0,00 |    19
   13   |   335,65 |    38,20 |  17,48 |     3,06 |   0,00 |    19
   14   |   218,02 |    27,37 |  17,02 |     2,98 |   0,00 |    19
   15   |   102,33 |    15,87 |  16,18 |     2,62 |   0,00 |    19
   16   |     9,79 |     4,14 |  14,97 |     2,20 |   0,00 |    19
   17   |     0,00 |     0,00 |  13,44 |     1,90 |   0,00 |    19
   18   |     0,00 |     0,00 |  12,09 |     1,66 |   0,00 |    19
   19   |     0,00 |     0,00 |  11,51 |     1,43 |   0,00 |    19
   20   |     0,00 |     0,00 |  10,88 |     1,36 |   0,00 |    19
   21   |     0,00 |     0,00 |  10,32 |     1,30 |   0,00 |    19
   22   |     0,00 |     0,00 |   9,85 |     1,33 |   0,00 |    19
   23   |     0,00 |     0,00 |   9,41 |     1,36 |   0,00 |    19
Peak production: UTC 23:00 - G(i):   0,00 W/m²

--- APRIL 03 ---
UTC Time | G(i) Avg | H_sun Avg | T2m Avg | WS10m Avg | Int Avg | Count
--------------------------------------------------------------------------------
   00   |     0,00 |     0,00 |   8,98 |     1,41 |   0,00 |    19
   01   |     0,00 |     0,00 |   8,62 |     1,42 |   0,00 |    19
   02   |     0,00 |     0,00 |   8,26 |     1,41 |   0,00 |    19
   03   |     0,00 |     0,00 |   7,91 |     1,47 |   0,00 |    19
   04   |     2,07 |     2,17 |   7,61 |     1,56 |   0,00 |    19
   05   |    73,87 |    14,03 |   8,21 |     1,53 |   0,00 |    19
   06   |   201,72 |    25,60 |  10,90 |     1,67 |   0,00 |    19
   07   |   341,72 |    36,61 |  13,23 |     2,00 |   0,00 |    19
   08   |   451,99 |    46,38 |  14,77 |     2,26 |   0,00 |    19
   09   |   539,46 |    53,72 |  16,00 |     2,41 |   0,00 |    19
   10   |   539,85 |    56,85 |  17,04 |     2,54 |   0,00 |    19
   11   |   512,05 |    54,62 |  17,73 |     2,76 |   0,00 |    19
   12   |   446,59 |    47,87 |  17,94 |     2,82 |   0,00 |    19
   13   |   347,86 |    38,42 |  17,76 |     2,86 |   0,00 |    19
   14   |   240,62 |    27,57 |  17,28 |     2,81 |   0,00 |    19
   15   |    99,80 |    16,05 |  16,46 |     2,55 |   0,00 |    19
   16   |    10,61 |     4,32 |  15,32 |     2,07 |   0,00 |    19
   17   |     0,00 |     0,00 |  13,81 |     1,73 |   0,00 |    19
   18   |     0,00 |     0,00 |  12,73 |     1,55 |   0,00 |    19
   19   |     0,00 |     0,00 |  12,06 |     1,44 |   0,00 |    19
   20   |     0,00 |     0,00 |  11,28 |     1,35 |   0,00 |    19
   21   |     0,00 |     0,00 |  10,47 |     1,33 |   0,00 |    19
   22   |     0,00 |     0,00 |   9,87 |     1,37 |   0,00 |    19
   23   |     0,00 |     0,00 |   9,15 |     1,41 |   0,00 |    19
Peak production: UTC 23:00 - G(i):   0,00 W/m²

--- APRIL 04 ---
UTC Time | G(i) Avg | H_sun Avg | T2m Avg | WS10m Avg | Int Avg | Count
--------------------------------------------------------------------------------
   00   |     0,00 |     0,00 |   8,62 |     1,47 |   0,00 |    19
   01   |     0,00 |     0,00 |   8,14 |     1,47 |   0,00 |    19
   02   |     0,00 |     0,00 |   7,82 |     1,48 |   0,00 |    19
   03   |     0,00 |     0,00 |   7,58 |     1,50 |   0,00 |    19
   04   |     2,28 |     2,45 |   7,24 |     1,54 |   0,00 |    19
   05   |    63,20 |    14,32 |   8,10 |     1,44 |   0,00 |    19
   06   |   184,01 |    25,91 |  10,99 |     1,47 |   0,00 |    19
   07   |   308,83 |    36,94 |  13,53 |     1,72 |   0,00 |    19
   08   |   414,05 |    46,74 |  15,19 |     1,93 |   0,00 |    19
   09   |   456,14 |    54,10 |  16,56 |     2,29 |   0,00 |    19
   10   |   485,08 |    57,24 |  17,55 |     2,63 |   0,00 |    19
   11   |   501,48 |    54,95 |  18,15 |     2,83 |   0,00 |    19
   12   |   383,48 |    48,15 |  18,24 |     2,79 |   0,00 |    19
   13   |   316,80 |    38,64 |  18,21 |     2,75 |   0,00 |    19
   14   |   213,48 |    27,76 |  17,77 |     2,64 |   0,00 |    19
   15   |    89,04 |    16,23 |  17,00 |     2,26 |   0,00 |    19
   16   |    10,32 |     4,50 |  15,81 |     1,81 |   0,00 |    19
   17   |     0,00 |     0,00 |  14,22 |     1,61 |   0,00 |    19
   18   |     0,00 |     0,00 |  13,08 |     1,43 |   0,00 |    19
   19   |     0,00 |     0,00 |  12,55 |     1,36 |   0,00 |    19
   20   |     0,00 |     0,00 |  11,82 |     1,33 |   0,00 |    19
   21   |     0,00 |     0,00 |  11,15 |     1,32 |   0,00 |    19
   22   |     0,00 |     0,00 |  10,55 |     1,35 |   0,00 |    19
   23   |     0,00 |     0,00 |  10,00 |     1,41 |   0,00 |    19
Peak production: UTC 23:00 - G(i):   0,00 W/m²

--- APRIL 05 ---
UTC Time | G(i) Avg | H_sun Avg | T2m Avg | WS10m Avg | Int Avg | Count
--------------------------------------------------------------------------------
   00   |     0,00 |     0,00 |   9,51 |     1,38 |   0,00 |    19
   01   |     0,00 |     0,00 |   9,04 |     1,39 |   0,00 |    19
   02   |     0,00 |     0,00 |   8,69 |     1,41 |   0,00 |    19
   03   |     0,00 |     0,00 |   8,37 |     1,45 |   0,00 |    19
   04   |     3,43 |     2,74 |   8,16 |     1,44 |   0,00 |    19
   05   |    65,17 |    14,62 |   8,95 |     1,29 |   0,00 |    19
   06   |   167,09 |    26,21 |  11,82 |     1,22 |   0,00 |    19
   07   |   287,12 |    37,26 |  14,26 |     1,35 |   0,00 |    19
   08   |   395,26 |    47,09 |  16,07 |     1,52 |   0,00 |    19
   09   |   413,20 |    54,49 |  17,44 |     1,80 |   0,00 |    19
   10   |   453,45 |    57,62 |  18,28 |     2,14 |   0,00 |    19
   11   |   393,89 |    55,29 |  18,72 |     2,49 |   0,00 |    19
   12   |   361,34 |    48,42 |  18,92 |     2,68 |   0,00 |    19
   13   |   283,82 |    38,86 |  18,67 |     2,58 |   0,00 |    19
   14   |   194,85 |    27,95 |  18,24 |     2,45 |   0,00 |    19
   15   |    90,80 |    16,41 |  17,51 |     2,01 |   0,00 |    19
   16   |    11,02 |     4,67 |  16,45 |     1,57 |   0,00 |    19
   17   |     0,00 |     0,00 |  14,91 |     1,38 |   0,00 |    19
   18   |     0,00 |     0,00 |  13,77 |     1,16 |   0,00 |    19
   19   |     0,00 |     0,00 |  12,99 |     1,07 |   0,00 |    19
   20   |     0,00 |     0,00 |  12,39 |     1,17 |   0,00 |    19
   21   |     0,00 |     0,00 |  11,80 |     1,26 |   0,00 |    19
   22   |     0,00 |     0,00 |  11,21 |     1,32 |   0,00 |    19
   23   |     0,00 |     0,00 |  10,68 |     1,41 |   0,00 |    19
Peak production: UTC 23:00 - G(i):   0,00 W/m²

--- APRIL 06 ---
UTC Time | G(i) Avg | H_sun Avg | T2m Avg | WS10m Avg | Int Avg | Count
--------------------------------------------------------------------------------
   00   |     0,00 |     0,00 |  10,28 |     1,47 |   0,00 |    19
   01   |     0,00 |     0,00 |   9,95 |     1,47 |   0,00 |    19
   02   |     0,00 |     0,00 |   9,78 |     1,44 |   0,00 |    19
   03   |     0,00 |     0,00 |   9,39 |     1,50 |   0,00 |    19
   04   |     2,88 |     3,01 |   9,12 |     1,54 |   0,00 |    19
   05   |    57,30 |    14,91 |   9,83 |     1,45 |   0,00 |    19
   06   |   163,12 |    26,52 |  12,63 |     1,40 |   0,00 |    19
   07   |   269,26 |    37,58 |  15,03 |     1,82 |   0,00 |    19
   08   |   369,64 |    47,44 |  16,49 |     2,23 |   0,00 |    19
   09   |   418,54 |    54,86 |  17,50 |     2,63 |   0,00 |    19
   10   |   411,40 |    58,00 |  17,92 |     2,77 |   0,00 |    19
   11   |   443,52 |    55,62 |  18,34 |     2,87 |   0,00 |    19
   12   |   360,09 |    48,68 |  18,35 |     2,97 |   0,00 |    19
   13   |   264,39 |    39,08 |  17,90 |     3,00 |   0,00 |    19
   14   |   166,59 |    28,14 |  17,44 |     2,76 |   0,00 |    19
   15   |    78,83 |    15,71 |  16,64 |     2,54 |   0,00 |    19
   16   |    10,94 |     4,59 |  15,60 |     2,19 |   0,00 |    19
   17   |     0,00 |     0,00 |  14,28 |     1,90 |   0,00 |    19
   18   |     0,00 |     0,00 |  13,45 |     1,69 |   0,00 |    19
   19   |     0,00 |     0,00 |  12,82 |     1,62 |   0,00 |    19
   20   |     0,00 |     0,00 |  12,26 |     1,55 |   0,00 |    19
   21   |     0,00 |     0,00 |  11,76 |     1,48 |   0,00 |    19
   22   |     0,00 |     0,00 |  11,33 |     1,41 |   0,00 |    19
   23   |     0,00 |     0,00 |  10,88 |     1,32 |   0,00 |    19
Peak production: UTC 23:00 - G(i):   0,00 W/m²

--- APRIL 07 ---
UTC Time | G(i) Avg | H_sun Avg | T2m Avg | WS10m Avg | Int Avg | Count
--------------------------------------------------------------------------------
   00   |     0,00 |     0,00 |  10,39 |     1,26 |   0,00 |    19
   01   |     0,00 |     0,00 |  10,01 |     1,28 |   0,00 |    19
   02   |     0,00 |     0,00 |   9,70 |     1,30 |   0,00 |    19
   03   |     0,00 |     0,00 |   9,50 |     1,30 |   0,00 |    19
   04   |     5,16 |     3,29 |   9,24 |     1,33 |   0,00 |    19
   05   |    63,67 |    15,20 |   9,97 |     1,21 |   0,00 |    19
   06   |   175,07 |    26,82 |  12,49 |     1,31 |   0,00 |    19
   07   |   268,91 |    37,90 |  14,40 |     1,78 |   0,00 |    19
   08   |   352,11 |    47,79 |  15,77 |     2,11 |   0,00 |    19
   09   |   386,61 |    55,24 |  16,88 |     2,42 |   0,00 |    19
   10   |   393,42 |    58,38 |  17,64 |     2,74 |   0,00 |    19
   11   |   424,91 |    55,95 |  18,10 |     2,97 |   0,00 |    19
   12   |   369,59 |    48,95 |  18,27 |     3,14 |   0,00 |    19
   13   |   261,84 |    39,30 |  17,98 |     3,12 |   0,00 |    19
   14   |   157,60 |    28,33 |  17,40 |     2,91 |   0,00 |    19
   15   |    76,45 |    16,76 |  16,58 |     2,55 |   0,00 |    19
   16   |     9,96 |     5,02 |  15,56 |     2,15 |   0,00 |    19
   17   |     0,00 |     0,00 |  14,31 |     1,77 |   0,00 |    19
   18   |     0,00 |     0,00 |  13,26 |     1,58 |   0,00 |    19
   19   |     0,00 |     0,00 |  12,64 |     1,54 |   0,00 |    19
   20   |     0,00 |     0,00 |  12,03 |     1,52 |   0,00 |    19
   21   |     0,00 |     0,00 |  11,37 |     1,52 |   0,00 |    19
   22   |     0,00 |     0,00 |  10,85 |     1,51 |   0,00 |    19
   23   |     0,00 |     0,00 |  10,30 |     1,53 |   0,00 |    19
Peak production: UTC 23:00 - G(i):   0,00 W/m²

--- APRIL 08 ---
UTC Time | G(i) Avg | H_sun Avg | T2m Avg | WS10m Avg | Int Avg | Count
--------------------------------------------------------------------------------
   00   |     0,00 |     0,00 |   9,78 |     1,54 |   0,00 |    19
   01   |     0,00 |     0,00 |   9,28 |     1,49 |   0,00 |    19
   02   |     0,00 |     0,00 |   8,90 |     1,48 |   0,00 |    19
   03   |     0,00 |     0,00 |   8,63 |     1,47 |   0,00 |    19
   04   |     5,98 |     3,56 |   8,31 |     1,50 |   0,00 |    19
   05   |    70,54 |    15,49 |   9,38 |     1,32 |   0,00 |    19
   06   |   207,85 |    27,11 |  12,19 |     1,51 |   0,00 |    19
   07   |   362,17 |    38,22 |  14,22 |     1,98 |   0,00 |    19
   08   |   481,12 |    48,13 |  15,71 |     2,38 |   0,00 |    19
   09   |   563,20 |    55,62 |  16,94 |     2,72 |   0,00 |    19
   10   |   517,23 |    58,76 |  17,77 |     2,91 |   0,00 |    19
   11   |   528,13 |    56,28 |  18,36 |     3,09 |   0,00 |    19
   12   |   450,62 |    49,21 |  18,40 |     3,13 |   0,00 |    19
   13   |   318,02 |    39,51 |  18,25 |     3,16 |   0,00 |    19
   14   |   220,64 |    28,51 |  17,63 |     2,99 |   0,00 |    19
   15   |    92,32 |    16,93 |  16,75 |     2,56 |   0,00 |    19
   16   |    12,48 |     5,20 |  15,56 |     2,07 |   0,00 |    19
   17   |     0,00 |     0,00 |  14,15 |     1,80 |   0,00 |    19
   18   |     0,00 |     0,00 |  12,88 |     1,68 |   0,00 |    19
   19   |     0,00 |     0,00 |  12,15 |     1,79 |   0,00 |    19
   20   |     0,00 |     0,00 |  11,43 |     1,62 |   0,00 |    19
   21   |     0,00 |     0,00 |  10,73 |     1,53 |   0,00 |    19
   22   |     0,00 |     0,00 |  10,14 |     1,54 |   0,00 |    19
   23   |     0,00 |     0,00 |   9,64 |     1,63 |   0,00 |    19
Peak production: UTC 23:00 - G(i):   0,00 W/m²

--- APRIL 09 ---
UTC Time | G(i) Avg | H_sun Avg | T2m Avg | WS10m Avg | Int Avg | Count
--------------------------------------------------------------------------------
   00   |     0,00 |     0,00 |   9,21 |     1,62 |   0,00 |    19
   01   |     0,00 |     0,00 |   8,71 |     1,63 |   0,00 |    19
   02   |     0,00 |     0,00 |   8,30 |     1,67 |   0,00 |    19
   03   |     0,00 |     0,00 |   7,92 |     1,62 |   0,00 |    19
   04   |     7,61 |     3,84 |   7,61 |     1,64 |   0,00 |    19
   05   |    71,74 |    15,78 |   8,56 |     1,53 |   0,00 |    19
   06   |   200,32 |    27,41 |  11,20 |     1,95 |   0,00 |    19
   07   |   334,04 |    38,53 |  13,16 |     2,25 |   0,00 |    19
   08   |   444,86 |    48,47 |  14,58 |     2,56 |   0,00 |    19
   09   |   504,50 |    55,99 |  15,71 |     2,87 |   0,00 |    19
   10   |   517,33 |    59,13 |  16,62 |     3,17 |   0,00 |    19
   11   |   455,19 |    56,60 |  17,15 |     3,38 |   0,00 |    19
   12   |   407,62 |    49,47 |  17,41 |     3,49 |   0,00 |    19
   13   |   313,78 |    39,73 |  17,36 |     3,52 |   0,00 |    19
   14   |   192,50 |    27,19 |  16,86 |     3,34 |   0,00 |    19
   15   |    88,93 |    17,10 |  16,01 |     2,99 |   0,00 |    19
   16   |    13,32 |     5,37 |  14,91 |     2,35 |   0,00 |    19
   17   |     0,00 |     0,00 |  13,52 |     2,07 |   0,00 |    19
   18   |     0,00 |     0,00 |  12,43 |     1,83 |   0,00 |    19
   19   |     0,00 |     0,00 |  12,03 |     1,69 |   0,00 |    19
   20   |     0,00 |     0,00 |  11,34 |     1,63 |   0,00 |    19
   21   |     0,00 |     0,00 |  10,72 |     1,62 |   0,00 |    19
   22   |     0,00 |     0,00 |   9,97 |     1,61 |   0,00 |    19
   23   |     0,00 |     0,00 |   9,41 |     1,59 |   0,00 |    19
Peak production: UTC 23:00 - G(i):   0,00 W/m²

--- APRIL 10 ---
UTC Time | G(i) Avg | H_sun Avg | T2m Avg | WS10m Avg | Int Avg | Count
--------------------------------------------------------------------------------
   00   |     0,00 |     0,00 |   8,94 |     1,59 |   0,00 |    19
   01   |     0,00 |     0,00 |   8,57 |     1,64 |   0,00 |    19
   02   |     0,00 |     0,00 |   8,21 |     1,66 |   0,00 |    19
   03   |     0,00 |     0,00 |   7,87 |     1,68 |   0,00 |    19
   04   |     7,87 |     4,11 |   7,58 |     1,68 |   0,00 |    19
   05   |    79,45 |    16,06 |   8,69 |     1,50 |   0,00 |    19
   06   |   211,50 |    27,70 |  11,21 |     1,85 |   0,00 |    19
   07   |   323,67 |    36,80 |  13,43 |     2,24 |   0,00 |    19
   08   |   451,74 |    48,81 |  15,01 |     2,49 |   0,00 |    19
   09   |   529,12 |    56,36 |  16,37 |     2,74 |   0,00 |    19
   10   |   571,57 |    59,50 |  17,35 |     3,02 |   0,00 |    19
   11   |   559,06 |    56,93 |  17,89 |     3,23 |   0,00 |    19
   12   |   455,88 |    49,73 |  17,96 |     3,29 |   0,00 |    19
   13   |   374,07 |    39,94 |  17,89 |     3,35 |   0,00 |    19
   14   |   215,35 |    28,88 |  17,47 |     3,19 |   0,00 |    19
   15   |    89,55 |    17,28 |  16,65 |     2,84 |   0,00 |    19
   16   |    13,68 |     5,54 |  15,51 |     2,30 |   0,00 |    19
   17   |     0,00 |     0,00 |  14,17 |     2,05 |   0,00 |    19
   18   |     0,00 |     0,00 |  13,00 |     1,90 |   0,00 |    19
   19   |     0,00 |     0,00 |  12,11 |     1,72 |   0,00 |    19
   20   |     0,00 |     0,00 |  11,35 |     1,65 |   0,00 |    19
   21   |     0,00 |     0,00 |  10,63 |     1,58 |   0,00 |    19
   22   |     0,00 |     0,00 |  10,07 |     1,52 |   0,00 |    19
   23   |     0,00 |     0,00 |   9,51 |     1,49 |   0,00 |    19
Peak production: UTC 23:00 - G(i):   0,00 W/m²

--- APRIL 11 ---
UTC Time | G(i) Avg | H_sun Avg | T2m Avg | WS10m Avg | Int Avg | Count
--------------------------------------------------------------------------------
   00   |     0,00 |     0,00 |   8,97 |     1,44 |   0,00 |    19
   01   |     0,00 |     0,00 |   8,51 |     1,45 |   0,00 |    19
   02   |     0,00 |     0,00 |   8,11 |     1,48 |   0,00 |    19
   03   |     0,00 |     0,00 |   7,79 |     1,41 |   0,00 |    19
   04   |     8,59 |     4,38 |   7,49 |     1,42 |   0,00 |    19
   05   |    77,59 |    16,34 |   8,66 |     1,28 |   0,00 |    19
   06   |   215,59 |    27,99 |  11,56 |     1,46 |   0,00 |    19
   07   |   325,10 |    39,14 |  13,84 |     1,77 |   0,00 |    19
   08   |   402,29 |    49,14 |  15,42 |     2,02 |   0,00 |    19
   09   |   492,65 |    56,73 |  16,65 |     2,37 |   0,00 |    19
   10   |   485,05 |    56,72 |  17,52 |     2,73 |   0,00 |    19
   11   |   494,71 |    57,25 |  18,02 |     2,94 |   0,00 |    19
   12   |   367,42 |    49,99 |  18,20 |     3,07 |   0,00 |    19
   13   |   296,31 |    40,14 |  18,03 |     3,08 |   0,00 |    19
   14   |   211,76 |    29,06 |  17,40 |     2,97 |   0,00 |    19
   15   |    83,06 |    17,45 |  16,60 |     2,67 |   0,00 |    19
   16   |    15,24 |     5,72 |  15,51 |     2,20 |   0,00 |    19
   17   |     0,00 |     0,00 |  14,13 |     1,85 |   0,00 |    19
   18   |     0,00 |     0,00 |  12,93 |     1,68 |   0,00 |    19
   19   |     0,00 |     0,00 |  12,25 |     1,56 |   0,00 |    19
   20   |     0,00 |     0,00 |  11,53 |     1,46 |   0,00 |    19
   21   |     0,00 |     0,00 |  10,85 |     1,41 |   0,00 |    19
   22   |     0,00 |     0,00 |  10,38 |     1,28 |   0,00 |    19
   23   |     0,00 |     0,00 |   9,92 |     1,31 |   0,00 |    19
Peak production: UTC 23:00 - G(i):   0,00 W/m²

--- APRIL 12 ---
UTC Time | G(i) Avg | H_sun Avg | T2m Avg | WS10m Avg | Int Avg | Count
--------------------------------------------------------------------------------
   00   |     0,00 |     0,00 |   9,43 |     1,34 |   0,00 |    19
   01   |     0,00 |     0,00 |   9,03 |     1,33 |   0,00 |    19
   02   |     0,00 |     0,00 |   8,65 |     1,39 |   0,00 |    19
   03   |     0,00 |     0,00 |   8,30 |     1,41 |   0,00 |    19
   04   |     9,74 |     4,64 |   7,92 |     1,43 |   0,00 |    19
   05   |    73,48 |    16,62 |   9,08 |     1,24 |   0,00 |    19
   06   |   197,95 |    28,27 |  12,10 |     1,45 |   0,00 |    19
   07   |   323,53 |    39,44 |  14,36 |     1,81 |   0,00 |    19
   08   |   428,46 |    49,48 |  16,04 |     2,19 |   0,00 |    19
   09   |   514,82 |    57,09 |  17,34 |     2,53 |   0,00 |    19
   10   |   557,90 |    60,24 |  18,36 |     2,79 |   0,00 |    19
   11   |   544,37 |    57,56 |  19,02 |     2,94 |   0,00 |    19
   12   |   471,86 |    50,24 |  19,29 |     3,01 |   0,00 |    19
   13   |   375,86 |    40,35 |  19,15 |     3,03 |   0,00 |    19
   14   |   227,47 |    29,24 |  18,85 |     2,91 |   0,00 |    19
   15   |    83,26 |    17,62 |  18,13 |     2,56 |   0,00 |    19
   16   |    15,31 |     5,89 |  16,98 |     2,14 |   0,00 |    19
   17   |     0,00 |     0,00 |  15,29 |     1,74 |   0,00 |    19
   18   |     0,00 |     0,00 |  14,00 |     1,50 |   0,00 |    19
   19   |     0,00 |     0,00 |  13,27 |     1,32 |   0,00 |    19
   20   |     0,00 |     0,00 |  12,39 |     1,25 |   0,00 |    19
   21   |     0,00 |     0,00 |  11,63 |     1,21 |   0,00 |    19
   22   |     0,00 |     0,00 |  10,96 |     1,22 |   0,00 |    19
   23   |     0,00 |     0,00 |  10,37 |     1,26 |   0,00 |    19
Peak production: UTC 23:00 - G(i):   0,00 W/m²

--- APRIL 13 ---
UTC Time | G(i) Avg | H_sun Avg | T2m Avg | WS10m Avg | Int Avg | Count
--------------------------------------------------------------------------------
   00   |     0,00 |     0,00 |   9,80 |     1,28 |   0,00 |    19
   01   |     0,00 |     0,00 |   9,26 |     1,32 |   0,00 |    19
   02   |     0,00 |     0,00 |   8,76 |     1,35 |   0,00 |    19
   03   |     0,00 |     0,00 |   8,29 |     1,38 |   0,00 |    19
   04   |    11,01 |     4,91 |   7,95 |     1,39 |   0,00 |    19
   05   |    78,09 |    16,90 |   9,43 |     1,13 |   0,00 |    19
   06   |   224,24 |    28,55 |  13,17 |     1,27 |   0,00 |    19
   07   |   372,41 |    39,74 |  15,84 |     1,59 |   0,00 |    19
   08   |   463,94 |    47,18 |  17,59 |     1,84 |   0,00 |    19
   09   |   584,80 |    57,45 |  18,92 |     2,19 |   0,00 |    19
   10   |   612,41 |    60,61 |  19,92 |     2,60 |   0,00 |    19
   11   |   559,05 |    57,88 |  20,51 |     2,94 |   0,00 |    19
   12   |   476,30 |    50,49 |  20,63 |     3,14 |   0,00 |    19
   13   |   348,84 |    40,55 |  20,32 |     3,15 |   0,00 |    19
   14   |   233,94 |    29,42 |  19,70 |     2,98 |   0,00 |    19
   15   |    88,90 |    17,79 |  18,81 |     2,56 |   0,00 |    19
   16   |    16,15 |     6,06 |  17,62 |     2,12 |   0,00 |    19
   17   |     0,00 |     0,00 |  16,01 |     1,84 |   0,00 |    19
   18   |     0,00 |     0,00 |  14,72 |     1,70 |   0,00 |    19
   19   |     0,00 |     0,00 |  14,17 |     1,64 |   0,00 |    19
   20   |     0,00 |     0,00 |  13,65 |     1,58 |   0,00 |    19
   21   |     0,00 |     0,00 |  12,99 |     1,55 |   0,00 |    19
   22   |     0,00 |     0,00 |  12,32 |     1,63 |   0,00 |    19
   23   |     0,00 |     0,00 |  11,76 |     1,67 |   0,00 |    19
Peak production: UTC 23:00 - G(i):   0,00 W/m²

--- APRIL 14 ---
UTC Time | G(i) Avg | H_sun Avg | T2m Avg | WS10m Avg | Int Avg | Count
--------------------------------------------------------------------------------
   00   |     0,00 |     0,00 |  11,22 |     1,66 |   0,00 |    19
   01   |     0,00 |     0,00 |  10,67 |     1,69 |   0,00 |    19
   02   |     0,00 |     0,00 |  10,32 |     1,68 |   0,00 |    19
   03   |     0,00 |     0,00 |   9,92 |     1,71 |   0,00 |    19
   04   |    10,80 |     5,45 |   9,66 |     1,74 |   0,00 |    19
   05   |    70,64 |    17,17 |  10,84 |     1,50 |   0,00 |    19
   06   |   187,45 |    28,83 |  14,09 |     1,59 |   0,00 |    19
   07   |   308,09 |    40,04 |  16,27 |     1,98 |   0,00 |    19
   08   |   431,31 |    50,13 |  17,72 |     2,40 |   0,00 |    19
   09   |   483,48 |    57,81 |  18,86 |     2,80 |   0,00 |    19
   10   |   528,86 |    60,97 |  19,45 |     3,11 |   0,00 |    19
   11   |   519,07 |    58,19 |  19,75 |     3,14 |   0,00 |    19
   12   |   406,71 |    50,73 |  19,90 |     3,21 |   0,00 |    19
   13   |   294,34 |    40,76 |  19,79 |     3,23 |   0,00 |    19
   14   |   202,06 |    29,60 |  19,16 |     2,97 |   0,00 |    19
   15   |    76,51 |    17,95 |  18,41 |     2,60 |   0,00 |    19
   16   |    16,18 |     6,23 |  17,26 |     2,27 |   0,00 |    19
   17   |     0,00 |     0,00 |  15,75 |     1,84 |   0,00 |    19
   18   |     0,00 |     0,00 |  14,51 |     1,60 |   0,00 |    19
   19   |     0,00 |     0,00 |  13,83 |     1,56 |   0,00 |    19
   20   |     0,00 |     0,00 |  13,18 |     1,52 |   0,00 |    19
   21   |     0,00 |     0,00 |  12,56 |     1,48 |   0,00 |    19
   22   |     0,00 |     0,00 |  11,83 |     1,48 |   0,00 |    19
   23   |     0,00 |     0,00 |  11,23 |     1,52 |   0,00 |    19
Peak production: UTC 23:00 - G(i):   0,00 W/m²

--- APRIL 15 ---
UTC Time | G(i) Avg | H_sun Avg | T2m Avg | WS10m Avg | Int Avg | Count
--------------------------------------------------------------------------------
   00   |     0,00 |     0,00 |  10,78 |     1,57 |   0,00 |    19
   01   |     0,00 |     0,00 |  10,35 |     1,56 |   0,00 |    19
   02   |     0,00 |     0,00 |  10,00 |     1,55 |   0,00 |    19
   03   |     0,00 |     0,00 |   9,71 |     1,61 |   0,00 |    19
   04   |    13,18 |     5,73 |   9,52 |     1,62 |   0,00 |    19
   05   |    72,23 |    17,44 |  10,81 |     1,41 |   0,00 |    19
   06   |   199,16 |    29,11 |  13,76 |     1,58 |   0,00 |    19
   07   |   338,11 |    40,33 |  15,85 |     2,00 |   0,00 |    19
   08   |   447,71 |    50,45 |  17,27 |     2,34 |   0,00 |    19
   09   |   482,16 |    58,17 |  18,40 |     2,71 |   0,00 |    19
   10   |   487,92 |    61,33 |  19,20 |     2,94 |   0,00 |    19
   11   |   450,12 |    58,50 |  19,75 |     3,10 |   0,00 |    19
   12   |   380,60 |    50,98 |  19,94 |     3,26 |   0,00 |    19
   13   |   320,19 |    40,96 |  19,77 |     3,25 |   0,00 |    19
   14   |   193,09 |    29,77 |  19,32 |     2,98 |   0,00 |    19
   15   |    79,69 |    18,12 |  18,55 |     2,51 |   0,00 |    19
   16   |    15,60 |     6,40 |  17,38 |     2,08 |   0,00 |    19
   17   |     0,00 |     0,00 |  15,84 |     1,80 |   0,00 |    19
   18   |     0,00 |     0,00 |  14,67 |     1,58 |   0,00 |    19
   19   |     0,00 |     0,00 |  13,84 |     1,56 |   0,00 |    19
   20   |     0,00 |     0,00 |  13,00 |     1,46 |   0,00 |    19
   21   |     0,00 |     0,00 |  12,12 |     1,51 |   0,00 |    19
   22   |     0,00 |     0,00 |  11,39 |     1,51 |   0,00 |    19
   23   |     0,00 |     0,00 |  10,74 |     1,53 |   0,00 |    19
Peak production: UTC 23:00 - G(i):   0,00 W/m²

--- APRIL 16 ---
UTC Time | G(i) Avg | H_sun Avg | T2m Avg | WS10m Avg | Int Avg | Count
--------------------------------------------------------------------------------
   00   |     0,00 |     0,00 |  10,26 |     1,53 |   0,00 |    19
   01   |     0,00 |     0,00 |   9,87 |     1,55 |   0,00 |    19
   02   |     0,00 |     0,00 |   9,56 |     1,57 |   0,00 |    19
   03   |     0,00 |     0,00 |   9,36 |     1,56 |   0,00 |    19
   04   |    13,32 |     5,99 |   9,19 |     1,54 |   0,00 |    19
   05   |    66,31 |    17,71 |  10,52 |     1,43 |   0,00 |    19
   06   |   171,80 |    27,83 |  13,51 |     1,63 |   0,00 |    19
   07   |   320,70 |    40,62 |  15,59 |     2,03 |   0,00 |    19
   08   |   414,39 |    50,77 |  17,10 |     2,31 |   0,00 |    19
   09   |   501,61 |    58,52 |  18,29 |     2,49 |   0,00 |    19
   10   |   524,65 |    61,69 |  19,18 |     2,75 |   0,00 |    19
   11   |   514,02 |    58,80 |  19,75 |     2,93 |   0,00 |    19
   12   |   434,25 |    51,22 |  19,94 |     3,05 |   0,00 |    19
   13   |   349,54 |    41,15 |  19,80 |     3,04 |   0,00 |    19
   14   |   201,63 |    29,95 |  19,36 |     2,92 |   0,00 |    19
   15   |    81,87 |    18,29 |  18,56 |     2,56 |   0,00 |    19
   16   |    17,81 |     6,57 |  17,40 |     2,02 |   0,00 |    19
   17   |     0,00 |     0,00 |  15,85 |     1,73 |   0,00 |    19
   18   |     0,00 |     0,00 |  14,90 |     1,37 |   0,00 |    19
   19   |     0,00 |     0,00 |  14,13 |     1,34 |   0,00 |    19
   20   |     0,00 |     0,00 |  13,07 |     1,41 |   0,00 |    19
   21   |     0,00 |     0,00 |  12,27 |     1,36 |   0,00 |    19
   22   |     0,00 |     0,00 |  11,80 |     1,28 |   0,00 |    19
   23   |     0,00 |     0,00 |  11,35 |     1,28 |   0,00 |    19
Peak production: UTC 23:00 - G(i):   0,00 W/m²

--- APRIL 17 ---
UTC Time | G(i) Avg | H_sun Avg | T2m Avg | WS10m Avg | Int Avg | Count
--------------------------------------------------------------------------------
   00   |     0,00 |     0,00 |  10,89 |     1,33 |   0,00 |    19
   01   |     0,00 |     0,00 |  10,38 |     1,39 |   0,00 |    19
   02   |     0,00 |     0,00 |  10,02 |     1,37 |   0,00 |    19
   03   |     0,00 |     0,00 |   9,66 |     1,46 |   0,00 |    19
   04   |    12,26 |     6,26 |   9,40 |     1,51 |   0,00 |    19
   05   |    58,04 |    17,97 |  10,97 |     1,33 |   0,00 |    19
   06   |   172,64 |    29,65 |  14,16 |     1,56 |   0,00 |    19
   07   |   285,38 |    40,90 |  16,30 |     1,97 |   0,00 |    19
   08   |   402,37 |    51,08 |  17,93 |     2,29 |   0,00 |    19
   09   |   457,47 |    58,87 |  19,29 |     2,56 |   0,00 |    19
   10   |   489,60 |    62,04 |  20,14 |     2,86 |   0,00 |    19
   11   |   427,73 |    59,10 |  20,69 |     3,07 |   0,00 |    19
   12   |   411,04 |    51,46 |  20,78 |     3,19 |   0,00 |    19
   13   |   296,24 |    41,35 |  20,48 |     3,12 |   0,00 |    19
   14   |   177,56 |    30,12 |  19,86 |     2,93 |   0,00 |    19
   15   |    75,51 |    18,45 |  19,04 |     2,66 |   0,00 |    19
   16   |    14,78 |     6,39 |  17,93 |     2,25 |   0,00 |    19
   17   |     0,00 |     0,00 |  16,36 |     1,99 |   0,00 |    19
   18   |     0,00 |     0,00 |  15,27 |     1,76 |   0,00 |    19
   19   |     0,00 |     0,00 |  14,71 |     1,65 |   0,00 |    19
   20   |     0,00 |     0,00 |  14,16 |     1,48 |   0,00 |    19
   21   |     0,00 |     0,00 |  13,50 |     1,39 |   0,00 |    19
   22   |     0,00 |     0,00 |  12,99 |     1,42 |   0,00 |    19
   23   |     0,00 |     0,00 |  12,46 |     1,52 |   0,00 |    19
Peak production: UTC 23:00 - G(i):   0,00 W/m²

--- APRIL 18 ---
UTC Time | G(i) Avg | H_sun Avg | T2m Avg | WS10m Avg | Int Avg | Count
--------------------------------------------------------------------------------
   00   |     0,00 |     0,00 |  11,89 |     1,58 |   0,00 |    19
   01   |     0,00 |     0,00 |  11,44 |     1,62 |   0,00 |    19
   02   |     0,00 |     0,00 |  10,96 |     1,58 |   0,00 |    19
   03   |     0,00 |     0,00 |  10,53 |     1,55 |   0,00 |    19
   04   |    10,94 |     5,83 |  10,28 |     1,44 |   0,00 |    19
   05   |    58,21 |    16,31 |  11,33 |     1,21 |   0,00 |    19
   06   |   147,01 |    26,76 |  13,80 |     1,59 |   0,00 |    19
   07   |   252,32 |    36,85 |  15,73 |     2,13 |   0,00 |    19
   08   |   295,49 |    45,98 |  17,08 |     2,32 |   0,00 |    19
   09   |   365,36 |    52,98 |  18,19 |     2,58 |   0,00 |    19
   10   |   350,06 |    55,82 |  18,96 |     2,69 |   0,00 |    19
   11   |   365,84 |    53,15 |  19,27 |     2,85 |   0,00 |    19
   12   |   321,18 |    46,26 |  19,54 |     3,05 |   0,00 |    19
   13   |   278,50 |    39,35 |  19,40 |     3,08 |   0,00 |    19
   14   |   184,09 |    28,70 |  18,92 |     3,07 |   0,00 |    19
   15   |    72,91 |    17,64 |  18,11 |     2,77 |   0,00 |    19
   16   |    17,40 |     6,55 |  17,09 |     2,22 |   0,00 |    19
   17   |     0,00 |     0,00 |  15,69 |     1,90 |   0,00 |    19
   18   |     0,00 |     0,00 |  14,63 |     1,66 |   0,00 |    19
   19   |     0,00 |     0,00 |  14,17 |     1,44 |   0,00 |    19
   20   |     0,00 |     0,00 |  13,57 |     1,36 |   0,00 |    19
   21   |     0,00 |     0,00 |  12,94 |     1,29 |   0,00 |    19
   22   |     0,00 |     0,00 |  12,35 |     1,28 |   0,00 |    19
   23   |     0,00 |     0,00 |  11,84 |     1,30 |   0,00 |    19
Peak production: UTC 23:00 - G(i):   0,00 W/m²

--- APRIL 19 ---
UTC Time | G(i) Avg | H_sun Avg | T2m Avg | WS10m Avg | Int Avg | Count
--------------------------------------------------------------------------------
   00   |     0,00 |     0,00 |  11,36 |     1,31 |   0,00 |    19
   01   |     0,00 |     0,00 |  10,89 |     1,34 |   0,00 |    19
   02   |     0,00 |     0,00 |  10,47 |     1,34 |   0,00 |    19
   03   |     0,00 |     0,00 |  10,07 |     1,40 |   0,00 |    19
   04   |    12,89 |     6,42 |   9,79 |     1,40 |   0,00 |    19
   05   |    57,80 |    17,51 |  11,22 |     1,23 |   0,00 |    19
   06   |   154,88 |    28,58 |  13,94 |     1,45 |   0,00 |    19
   07   |   242,28 |    39,28 |  15,68 |     1,84 |   0,00 |    19
   08   |   331,18 |    48,98 |  16,97 |     2,13 |   0,00 |    19
   09   |   370,46 |    56,42 |  18,06 |     2,52 |   0,00 |    19
   10   |   415,16 |    59,44 |  18,74 |     2,80 |   0,00 |    19
   11   |   456,05 |    56,56 |  19,42 |     3,05 |   0,00 |    19
   12   |   380,62 |    49,20 |  19,55 |     3,15 |   0,00 |    19
   13   |   302,89 |    39,54 |  19,46 |     3,16 |   0,00 |    19
   14   |   186,64 |    28,86 |  18,97 |     3,11 |   0,00 |    19
   15   |    68,68 |    17,79 |  18,11 |     2,74 |   0,00 |    19
   16   |    17,18 |     6,70 |  17,09 |     2,35 |   0,00 |    19
   17   |     0,00 |     0,00 |  15,73 |     1,90 |   0,00 |    19
   18   |     0,00 |     0,00 |  14,54 |     1,66 |   0,00 |    19
   19   |     0,00 |     0,00 |  13,89 |     1,58 |   0,00 |    19
   20   |     0,00 |     0,00 |  13,07 |     1,47 |   0,00 |    19
   21   |     0,00 |     0,00 |  12,34 |     1,43 |   0,00 |    19
   22   |     0,00 |     0,00 |  11,84 |     1,37 |   0,00 |    19
   23   |     0,00 |     0,00 |  11,37 |     1,35 |   0,00 |    19
Peak production: UTC 23:00 - G(i):   0,00 W/m²

--- APRIL 20 ---
UTC Time | G(i) Avg | H_sun Avg | T2m Avg | WS10m Avg | Int Avg | Count
--------------------------------------------------------------------------------
   00   |     0,00 |     0,00 |  11,00 |     1,31 |   0,00 |    19
   01   |     0,00 |     0,00 |  10,61 |     1,35 |   0,00 |    19
   02   |     0,00 |     0,00 |  10,35 |     1,42 |   0,00 |    19
   03   |     0,00 |     0,00 |  10,08 |     1,45 |   0,00 |    19
   04   |    13,51 |     6,67 |   9,92 |     1,44 |   0,00 |    19
   05   |    41,64 |    17,74 |  11,35 |     1,32 |   0,00 |    19
   06   |   172,70 |    28,83 |  13,79 |     1,80 |   0,00 |    19
   07   |   304,30 |    39,53 |  15,62 |     2,31 |   0,00 |    19
   08   |   417,42 |    52,00 |  17,06 |     2,69 |   0,00 |    19
   09   |   464,42 |    59,89 |  18,19 |     3,03 |   0,00 |    19
   10   |   503,28 |    63,08 |  19,00 |     3,26 |   0,00 |    19
   11   |   432,60 |    59,99 |  19,36 |     3,46 |   0,00 |    19
   12   |   417,59 |    52,16 |  19,40 |     3,61 |   0,00 |    19
   13   |   304,91 |    41,92 |  19,07 |     3,65 |   0,00 |    19
   14   |   195,82 |    30,63 |  18,49 |     3,47 |   0,00 |    19
   15   |    74,17 |    18,94 |  17,64 |     3,06 |   0,00 |    19
   16   |    19,32 |     7,24 |  16,58 |     2,48 |   0,00 |    19
   17   |     0,00 |     0,00 |  15,26 |     2,05 |   0,00 |    19
   18   |     0,00 |     0,00 |  14,19 |     1,79 |   0,00 |    19
   19   |     0,00 |     0,00 |  13,55 |     1,55 |   0,00 |    19
   20   |     0,00 |     0,00 |  12,94 |     1,43 |   0,00 |    19
   21   |     0,00 |     0,00 |  12,22 |     1,40 |   0,00 |    19
   22   |     0,00 |     0,00 |  11,70 |     1,37 |   0,00 |    19
   23   |     0,00 |     0,00 |  11,28 |     1,39 |   0,00 |    19
Peak production: UTC 23:00 - G(i):   0,00 W/m²

--- APRIL 21 ---
UTC Time | G(i) Avg | H_sun Avg | T2m Avg | WS10m Avg | Int Avg | Count
--------------------------------------------------------------------------------
   00   |     0,00 |     0,00 |  10,76 |     1,47 |   0,00 |    19
   01   |     0,00 |     0,00 |  10,42 |     1,47 |   0,00 |    19
   02   |     0,00 |     0,00 |  10,06 |     1,46 |   0,00 |    19
   03   |     0,00 |     0,00 |   9,66 |     1,48 |   0,00 |    19
   04   |    14,59 |     7,29 |   9,41 |     1,47 |   0,00 |    19
   05   |    43,97 |    18,98 |  10,83 |     1,30 |   0,00 |    19
   06   |   176,77 |    30,68 |  13,19 |     1,63 |   0,00 |    19
   07   |   313,49 |    42,00 |  15,12 |     1,88 |   0,00 |    19
   08   |   432,03 |    52,29 |  16,62 |     2,04 |   0,00 |    19
   09   |   460,66 |    60,22 |  17,88 |     2,38 |   0,00 |    19
   10   |   509,88 |    63,42 |  18,86 |     2,82 |   0,00 |    19
   11   |   451,02 |    60,28 |  19,51 |     3,07 |   0,00 |    19
   12   |   387,17 |    52,39 |  19,70 |     3,18 |   0,00 |    19
   13   |   309,91 |    42,11 |  19,39 |     3,20 |   0,00 |    19
   14   |   183,67 |    30,80 |  18,84 |     3,08 |   0,00 |    19
   15   |    49,59 |    19,10 |  18,06 |     2,66 |   0,00 |    19
   16   |    20,76 |     7,41 |  17,07 |     2,17 |   0,00 |    19
   17   |     0,00 |     0,00 |  15,68 |     1,82 |   0,00 |    19
   18   |     0,00 |     0,00 |  14,55 |     1,55 |   0,00 |    19
   19   |     0,00 |     0,00 |  13,88 |     1,45 |   0,00 |    19
   20   |     0,00 |     0,00 |  12,93 |     1,38 |   0,00 |    19
   21   |     0,00 |     0,00 |  12,04 |     1,34 |   0,00 |    19
   22   |     0,00 |     0,00 |  11,32 |     1,34 |   0,00 |    19
   23   |     0,00 |     0,00 |  10,79 |     1,36 |   0,00 |    19
Peak production: UTC 23:00 - G(i):   0,00 W/m²

--- APRIL 22 ---
UTC Time | G(i) Avg | H_sun Avg | T2m Avg | WS10m Avg | Int Avg | Count
--------------------------------------------------------------------------------
   00   |     0,00 |     0,00 |  10,32 |     1,35 |   0,00 |    19
   01   |     0,00 |     0,00 |   9,92 |     1,38 |   0,00 |    19
   02   |     0,00 |     0,00 |   9,56 |     1,38 |   0,00 |    19
   03   |     0,00 |     0,00 |   9,16 |     1,39 |   0,00 |    19
   04   |    16,39 |     7,54 |   9,09 |     1,35 |   0,00 |    19
   05   |    42,96 |    19,23 |  10,71 |     1,13 |   0,00 |    19
   06   |   170,77 |    30,93 |  13,67 |     1,39 |   0,00 |    19
   07   |   291,32 |    42,26 |  15,70 |     1,80 |   0,00 |    19
   08   |   408,14 |    52,58 |  17,13 |     2,03 |   0,00 |    19
   09   |   474,66 |    60,55 |  18,31 |     2,25 |   0,00 |    19
   10   |   485,35 |    63,76 |  19,26 |     2,56 |   0,00 |    19
   11   |   457,42 |    60,57 |  19,93 |     2,77 |   0,00 |    19
   12   |   393,68 |    52,62 |  20,29 |     2,91 |   0,00 |    19
   13   |   303,26 |    42,30 |  20,28 |     3,00 |   0,00 |    19
   14   |   184,47 |    30,96 |  19,78 |     3,00 |   0,00 |    19
   15   |    44,86 |    19,26 |  18,94 |     2,70 |   0,00 |    19
   16   |    19,90 |     7,57 |  17,75 |     2,20 |   0,00 |    19
   17   |     0,00 |     0,00 |  16,09 |     1,76 |   0,00 |    19
   18   |     0,00 |     0,00 |  14,73 |     1,42 |   0,00 |    19
   19   |     0,00 |     0,00 |  14,04 |     1,30 |   0,00 |    19
   20   |     0,00 |     0,00 |  13,29 |     1,25 |   0,00 |    19
   21   |     0,00 |     0,00 |  12,61 |     1,29 |   0,00 |    19
   22   |     0,00 |     0,00 |  12,04 |     1,28 |   0,00 |    19
   23   |     0,00 |     0,00 |  11,47 |     1,29 |   0,00 |    19
Peak production: UTC 23:00 - G(i):   0,00 W/m²

--- APRIL 23 ---
UTC Time | G(i) Avg | H_sun Avg | T2m Avg | WS10m Avg | Int Avg | Count
--------------------------------------------------------------------------------
   00   |     0,00 |     0,00 |  10,89 |     1,33 |   0,00 |    19
   01   |     0,00 |     0,00 |  10,44 |     1,33 |   0,00 |    19
   02   |     0,00 |     0,00 |  10,17 |     1,27 |   0,00 |    19
   03   |     0,00 |     0,00 |   9,91 |     1,22 |   0,00 |    19
   04   |    14,71 |     7,78 |   9,66 |     1,26 |   0,00 |    19
   05   |    45,02 |    19,47 |  11,03 |     1,21 |   0,00 |    19
   06   |   179,93 |    31,17 |  13,68 |     1,50 |   0,00 |    19
   07   |   312,15 |    42,52 |  15,61 |     1,71 |   0,00 |    19
   08   |   429,62 |    52,87 |  17,20 |     1,94 |   0,00 |    19
   09   |   504,93 |    60,88 |  18,48 |     2,16 |   0,00 |    19
   10   |   532,39 |    64,10 |  19,46 |     2,44 |   0,00 |    19
   11   |   485,89 |    60,86 |  20,15 |     2,67 |   0,00 |    19
   12   |   416,51 |    52,84 |  20,52 |     2,84 |   0,00 |    19
   13   |   303,28 |    42,48 |  20,52 |     2,88 |   0,00 |    19
   14   |   192,13 |    31,13 |  20,12 |     2,81 |   0,00 |    19
   15   |    48,50 |    19,42 |  19,29 |     2,58 |   0,00 |    19
   16   |    21,26 |     7,74 |  18,02 |     2,12 |   0,00 |    19
   17   |     0,00 |     0,00 |  16,32 |     1,77 |   0,00 |    19
   18   |     0,00 |     0,00 |  15,24 |     1,48 |   0,00 |    19
   19   |     0,00 |     0,00 |  14,51 |     1,23 |   0,00 |    19
   20   |     0,00 |     0,00 |  13,79 |     1,09 |   0,00 |    19
   21   |     0,00 |     0,00 |  12,99 |     1,10 |   0,00 |    19
   22   |     0,00 |     0,00 |  12,23 |     1,14 |   0,00 |    19
   23   |     0,00 |     0,00 |  11,53 |     1,18 |   0,00 |    19
Peak production: UTC 23:00 - G(i):   0,00 W/m²

--- APRIL 24 ---
UTC Time | G(i) Avg | H_sun Avg | T2m Avg | WS10m Avg | Int Avg | Count
--------------------------------------------------------------------------------
   00   |     0,00 |     0,00 |  10,85 |     1,26 |   0,00 |    19
   01   |     0,00 |     0,00 |  10,34 |     1,27 |   0,00 |    19
   02   |     0,00 |     0,00 |   9,90 |     1,29 |   0,00 |    19
   03   |     0,00 |     0,00 |   9,38 |     1,36 |   0,00 |    19
   04   |    16,97 |     8,02 |   9,16 |     1,35 |   0,00 |    19
   05   |    46,34 |    19,70 |  11,09 |     1,10 |   0,00 |    19
   06   |   183,86 |    31,41 |  14,19 |     1,37 |   0,00 |    19
   07   |   319,89 |    42,78 |  16,41 |     1,64 |   0,00 |    19
   08   |   427,62 |    53,15 |  17,99 |     1,89 |   0,00 |    19
   09   |   510,18 |    61,20 |  19,35 |     2,08 |   0,00 |    19
   10   |   540,61 |    64,43 |  20,43 |     2,41 |   0,00 |    19
   11   |   525,02 |    61,14 |  21,20 |     2,69 |   0,00 |    19
   12   |   447,36 |    53,06 |  21,55 |     2,84 |   0,00 |    19
   13   |   331,46 |    42,66 |  21,45 |     2,97 |   0,00 |    19
   14   |   197,64 |    31,29 |  20,97 |     2,95 |   0,00 |    19
   15   |    48,38 |    19,58 |  20,07 |     2,72 |   0,00 |    19
   16   |    20,81 |     7,91 |  18,77 |     2,25 |   0,00 |    19
   17   |     0,00 |     0,00 |  17,06 |     1,83 |   0,00 |    19
   18   |     0,00 |     0,00 |  15,50 |     1,58 |   0,00 |    19
   19   |     0,00 |     0,00 |  14,62 |     1,39 |   0,00 |    19
   20   |     0,00 |     0,00 |  13,89 |     1,29 |   0,00 |    19
   21   |     0,00 |     0,00 |  13,21 |     1,25 |   0,00 |    19
   22   |     0,00 |     0,00 |  12,59 |     1,22 |   0,00 |    19
   23   |     0,00 |     0,00 |  11,98 |     1,20 |   0,00 |    19
Peak production: UTC 23:00 - G(i):   0,00 W/m²

--- APRIL 25 ---
UTC Time | G(i) Avg | H_sun Avg | T2m Avg | WS10m Avg | Int Avg | Count
--------------------------------------------------------------------------------
   00   |     0,00 |     0,00 |  11,24 |     1,24 |   0,00 |    19
   01   |     0,00 |     0,00 |  10,63 |     1,27 |   0,00 |    19
   02   |     0,00 |     0,00 |  10,19 |     1,32 |   0,00 |    19
   03   |     0,00 |     0,00 |   9,75 |     1,39 |   0,00 |    19
   04   |    20,04 |     8,26 |   9,52 |     1,41 |   0,00 |    19
   05   |    52,82 |    19,93 |  11,49 |     1,27 |   0,00 |    19
   06   |   196,24 |    31,64 |  14,44 |     1,51 |   0,00 |    19
   07   |   323,92 |    43,02 |  16,64 |     1,70 |   0,00 |    19
   08   |   441,10 |    53,43 |  18,44 |     2,00 |   0,00 |    19
   09   |   504,02 |    61,51 |  19,91 |     2,23 |   0,00 |    19
   10   |   529,18 |    64,75 |  20,96 |     2,56 |   0,00 |    19
   11   |   479,70 |    61,41 |  21,55 |     2,77 |   0,00 |    19
   12   |   398,83 |    50,48 |  21,81 |     2,93 |   0,00 |    19
   13   |   295,80 |    40,59 |  21,60 |     3,02 |   0,00 |    19
   14   |   183,33 |    31,46 |  21,04 |     2,99 |   0,00 |    19
   15   |    51,74 |    19,74 |  20,14 |     2,70 |   0,00 |    19
   16   |    22,18 |     8,07 |  18,88 |     2,15 |   0,00 |    19
   17   |     0,00 |     0,00 |  17,18 |     1,81 |   0,00 |    19
   18   |     0,00 |     0,00 |  15,62 |     1,55 |   0,00 |    19
   19   |     0,00 |     0,00 |  14,83 |     1,45 |   0,00 |    19
   20   |     0,00 |     0,00 |  14,26 |     1,38 |   0,00 |    19
   21   |     0,00 |     0,00 |  13,65 |     1,30 |   0,00 |    19
   22   |     0,00 |     0,00 |  12,98 |     1,30 |   0,00 |    19
   23   |     0,00 |     0,00 |  12,29 |     1,35 |   0,00 |    19
Peak production: UTC 23:00 - G(i):   0,00 W/m²

--- APRIL 26 ---
UTC Time | G(i) Avg | H_sun Avg | T2m Avg | WS10m Avg | Int Avg | Count
--------------------------------------------------------------------------------
   00   |     0,00 |     0,00 |  11,75 |     1,38 |   0,00 |    19
   01   |     0,00 |     0,00 |  11,33 |     1,43 |   0,00 |    19
   02   |     0,00 |     0,00 |  11,00 |     1,46 |   0,00 |    19
   03   |     0,00 |     0,00 |  10,69 |     1,54 |   0,00 |    19
   04   |    20,74 |     8,49 |  10,48 |     1,56 |   0,00 |    19
   05   |    49,90 |    20,16 |  12,16 |     1,44 |   0,00 |    19
   06   |   176,65 |    31,88 |  14,99 |     1,51 |   0,00 |    19
   07   |   306,61 |    43,27 |  17,13 |     1,55 |   0,00 |    19
   08   |   403,77 |    53,70 |  18,76 |     1,60 |   0,00 |    19
   09   |   470,51 |    61,83 |  20,14 |     1,79 |   0,00 |    19
   10   |   503,05 |    65,08 |  21,21 |     2,13 |   0,00 |    19
   11   |   505,83 |    61,69 |  21,75 |     2,42 |   0,00 |    19
   12   |   417,20 |    50,67 |  22,00 |     2,71 |   0,00 |    19
   13   |   325,46 |    43,02 |  21,82 |     2,83 |   0,00 |    19
   14   |   186,15 |    31,62 |  21,27 |     2,78 |   0,00 |    19
   15   |    48,17 |    19,90 |  20,41 |     2,43 |   0,00 |    19
   16   |    21,24 |     8,23 |  19,20 |     1,92 |   0,00 |    19
   17   |     0,00 |     0,00 |  17,60 |     1,58 |   0,00 |    19
   18   |     0,00 |     0,00 |  15,99 |     1,33 |   0,00 |    19
   19   |     0,00 |     0,00 |  15,27 |     1,11 |   0,00 |    19
   20   |     0,00 |     0,00 |  14,44 |     1,06 |   0,00 |    19
   21   |     0,00 |     0,00 |  13,70 |     1,07 |   0,00 |    19
   22   |     0,00 |     0,00 |  13,04 |     1,04 |   0,00 |    19
   23   |     0,00 |     0,00 |  12,48 |     1,06 |   0,00 |    19
Peak production: UTC 23:00 - G(i):   0,00 W/m²

--- APRIL 27 ---
UTC Time | G(i) Avg | H_sun Avg | T2m Avg | WS10m Avg | Int Avg | Count
--------------------------------------------------------------------------------
   00   |     0,00 |     0,00 |  11,97 |     1,11 |   0,00 |    19
   01   |     0,00 |     0,00 |  11,49 |     1,17 |   0,00 |    19
   02   |     0,00 |     0,00 |  11,07 |     1,17 |   0,00 |    19
   03   |     0,00 |     0,00 |  10,63 |     1,20 |   0,00 |    19
   04   |    21,91 |     8,72 |  10,42 |     1,16 |   0,00 |    19
   05   |    49,66 |    20,38 |  12,44 |     0,94 |   0,00 |    19
   06   |   187,24 |    32,10 |  15,43 |     1,18 |   0,00 |    19
   07   |   283,26 |    43,51 |  17,51 |     1,32 |   0,00 |    19
   08   |   405,50 |    53,97 |  19,27 |     1,52 |   0,00 |    19
   09   |   476,58 |    62,13 |  20,56 |     1,77 |   0,00 |    19
   10   |   463,91 |    61,96 |  21,46 |     2,00 |   0,00 |    19
   11   |   467,28 |    61,96 |  21,91 |     2,14 |   0,00 |    19
   12   |   386,34 |    53,70 |  22,09 |     2,41 |   0,00 |    19
   13   |   277,38 |    43,20 |  21,83 |     2,60 |   0,00 |    19
   14   |   174,61 |    31,78 |  21,31 |     2,54 |   0,00 |    19
   15   |    48,02 |    20,06 |  20,51 |     2,39 |   0,00 |    19
   16   |    21,50 |     8,40 |  19,22 |     2,05 |   0,00 |    19
   17   |     0,00 |     0,00 |  17,53 |     1,65 |   0,00 |    19
   18   |     0,00 |     0,00 |  16,12 |     1,42 |   0,00 |    19
   19   |     0,00 |     0,00 |  15,29 |     1,27 |   0,00 |    19
   20   |     0,00 |     0,00 |  14,52 |     1,22 |   0,00 |    19
   21   |     0,00 |     0,00 |  13,66 |     1,19 |   0,00 |    19
   22   |     0,00 |     0,00 |  13,04 |     1,16 |   0,00 |    19
   23   |     0,00 |     0,00 |  12,39 |     1,21 |   0,00 |    19
Peak production: UTC 23:00 - G(i):   0,00 W/m²

--- APRIL 28 ---
UTC Time | G(i) Avg | H_sun Avg | T2m Avg | WS10m Avg | Int Avg | Count
--------------------------------------------------------------------------------
   00   |     0,00 |     0,00 |  11,92 |     1,22 |   0,00 |    19
   01   |     0,00 |     0,00 |  11,45 |     1,25 |   0,00 |    19
   02   |     0,00 |     0,00 |  11,10 |     1,30 |   0,00 |    19
   03   |     0,00 |     0,00 |  10,74 |     1,33 |   0,00 |    19
   04   |    19,08 |     8,94 |  10,65 |     1,34 |   0,00 |    19
   05   |    47,30 |    20,60 |  12,47 |     1,18 |   0,00 |    19
   06   |   157,73 |    32,32 |  15,41 |     1,35 |   0,00 |    19
   07   |   300,25 |    43,74 |  17,61 |     1,55 |   0,00 |    19
   08   |   370,73 |    51,38 |  19,36 |     1,86 |   0,00 |    19
   09   |   464,66 |    62,43 |  20,74 |     2,17 |   0,00 |    19
   10   |   466,75 |    65,71 |  21,61 |     2,45 |   0,00 |    19
   11   |   443,88 |    62,22 |  22,27 |     2,61 |   0,00 |    19
   12   |   345,22 |    51,07 |  22,51 |     2,76 |   0,00 |    19
   13   |   266,07 |    43,37 |  22,30 |     2,83 |   0,00 |    19
   14   |   161,18 |    31,93 |  21,69 |     2,77 |   0,00 |    19
   15   |    44,69 |    20,21 |  20,84 |     2,45 |   0,00 |    19
   16   |    21,22 |     8,56 |  19,68 |     2,13 |   0,00 |    19
   17   |     0,00 |     0,00 |  18,12 |     1,88 |   0,00 |    19
   18   |     0,00 |     0,00 |  16,85 |     1,69 |   0,00 |    19
   19   |     0,00 |     0,00 |  15,99 |     1,54 |   0,00 |    19
   20   |     0,00 |     0,00 |  15,28 |     1,36 |   0,00 |    19
   21   |     0,00 |     0,00 |  14,62 |     1,29 |   0,00 |    19
   22   |     0,00 |     0,00 |  14,01 |     1,24 |   0,00 |    19
   23   |     0,00 |     0,00 |  13,49 |     1,27 |   0,00 |    19
Peak production: UTC 23:00 - G(i):   0,00 W/m²

--- APRIL 29 ---
UTC Time | G(i) Avg | H_sun Avg | T2m Avg | WS10m Avg | Int Avg | Count
--------------------------------------------------------------------------------
   00   |     0,00 |     0,00 |  12,97 |     1,34 |   0,00 |    19
   01   |     0,00 |     0,00 |  12,39 |     1,35 |   0,00 |    19
   02   |     0,00 |     0,00 |  11,79 |     1,34 |   0,00 |    19
   03   |     0,00 |     0,00 |  11,30 |     1,37 |   0,00 |    19
   04   |    22,39 |     9,16 |  11,15 |     1,35 |   0,00 |    19
   05   |    57,00 |    20,81 |  13,25 |     1,13 |   0,00 |    19
   06   |   175,73 |    32,54 |  16,06 |     1,39 |   0,00 |    19
   07   |   302,27 |    43,97 |  18,12 |     1,70 |   0,00 |    19
   08   |   384,01 |    54,49 |  19,65 |     2,00 |   0,00 |    19
   09   |   451,69 |    62,73 |  20,87 |     2,23 |   0,00 |    19
   10   |   420,28 |    66,03 |  21,88 |     2,37 |   0,00 |    19
   11   |   438,71 |    62,49 |  22,26 |     2,53 |   0,00 |    19
   12   |   386,51 |    54,12 |  22,36 |     2,67 |   0,00 |    19
   13   |   269,63 |    43,55 |  22,31 |     2,81 |   0,00 |    19
   14   |   162,27 |    32,09 |  21,70 |     2,78 |   0,00 |    19
   15   |    57,12 |    20,37 |  20,88 |     2,46 |   0,00 |    19
   16   |    23,30 |     8,72 |  19,77 |     1,98 |   0,00 |    19
   17   |     0,00 |     0,00 |  18,26 |     1,61 |   0,00 |    19
   18   |     0,00 |     0,00 |  16,90 |     1,40 |   0,00 |    19
   19   |     0,00 |     0,00 |  16,00 |     1,31 |   0,00 |    19
   20   |     0,00 |     0,00 |  15,17 |     1,20 |   0,00 |    19
   21   |     0,00 |     0,00 |  14,49 |     1,18 |   0,00 |    19
   22   |     0,00 |     0,00 |  13,91 |     1,21 |   0,00 |    19
   23   |     0,00 |     0,00 |  13,29 |     1,22 |   0,00 |    19
Peak production: UTC 23:00 - G(i):   0,00 W/m²

--- APRIL 30 ---
UTC Time | G(i) Avg | H_sun Avg | T2m Avg | WS10m Avg | Int Avg | Count
--------------------------------------------------------------------------------
   00   |     0,00 |     0,00 |  12,76 |     1,27 |   0,00 |    19
   01   |     0,00 |     0,00 |  12,36 |     1,28 |   0,00 |    19
   02   |     0,00 |     0,00 |  12,02 |     1,33 |   0,00 |    19
   03   |     0,00 |     0,00 |  11,58 |     1,38 |   0,00 |    19
   04   |    21,72 |     9,38 |  11,39 |     1,34 |   0,00 |    19
   05   |    51,48 |    21,02 |  13,36 |     1,12 |   0,00 |    19
   06   |   178,44 |    32,75 |  16,31 |     1,31 |   0,00 |    19
   07   |   292,81 |    44,20 |  18,29 |     1,62 |   0,00 |    19
   08   |   389,77 |    54,74 |  19,91 |     1,85 |   0,00 |    19
   09   |   456,05 |    63,02 |  21,13 |     1,96 |   0,00 |    19
   10   |   496,67 |    66,33 |  22,11 |     2,17 |   0,00 |    19
   11   |   465,59 |    62,75 |  22,68 |     2,40 |   0,00 |    19
   12   |   383,27 |    54,32 |  22,87 |     2,58 |   0,00 |    19
   13   |   291,90 |    43,72 |  22,63 |     2,72 |   0,00 |    19
   14   |   168,70 |    32,25 |  21,96 |     2,69 |   0,00 |    19
   15   |    50,91 |    20,52 |  21,14 |     2,37 |   0,00 |    19
   16   |    23,06 |     8,88 |  19,97 |     1,88 |   0,00 |    19
   17   |     0,00 |     0,00 |  18,57 |     1,51 |   0,00 |    19
   18   |     0,00 |     0,00 |  17,15 |     1,33 |   0,00 |    19
   19   |     0,00 |     0,00 |  16,35 |     1,26 |   0,00 |    19
   20   |     0,00 |     0,00 |  15,63 |     1,19 |   0,00 |    19
   21   |     0,00 |     0,00 |  14,81 |     1,20 |   0,00 |    19
   22   |     0,00 |     0,00 |  14,08 |     1,19 |   0,00 |    19
   23   |     0,00 |     0,00 |  13,47 |     1,20 |   0,00 |    19
Peak production: UTC 23:00 - G(i):   0,00 W/m²

=== SUMMARY ===
Total April days analyzed: 30
Days covered: 1, 2, 3, 4, 5, 6, 7, 8, 9, 10, 11, 12, 13, 14, 15, 16, 17, 18, 19, 20, 21, 22, 23, 24, 25, 26, 27, 28, 29, 30
Years covered: 2005, 2006, 2007, 2008, 2009, 2010, 2011, 2012, 2013, 2014, 2015, 2016, 2017, 2018, 2019, 2020, 2021, 2022, 2023

=== OVERALL PEAK PRODUCTION ===
Peak: April 13 UTC 10:00 - G(i): 612,41 W/m²
